0 172
0 1
0 3
0 4
0 100
0 103
0 119
0 129
0 10
0 107
0 76
0 111
0 178
0 115
0 116
0 118
0 23
0 25
0 26
0 27
0 31
1 2
1 3
1 4
1 5
1 135
1 131
1 149
1 151
1 25
1 154
1 155
1 157
1 158
1 160
1 161
1 174
1 59
1 74
1 75
1 76
1 79
1 103
1 105
1 117
2 8
2 10
2 3
2 36
3 4
3 5
3 103
3 76
3 98
3 174
3 116
3 149
3 23
3 89
3 154
4 100
4 40
4 150
4 25
4 93
5 8
5 39
5 9
6 62
7 32
7 36
7 8
7 9
7 11
7 44
7 13
7 14
7 154
7 30
8 160
8 35
8 9
8 10
8 11
8 13
8 154
8 93
8 30
9 10
9 11
9 13
9 18
9 20
9 154
9 27
9 32
9 162
9 40
9 41
9 42
9 44
9 45
9 49
9 51
9 57
9 58
9 59
9 60
9 61
9 63
9 65
9 66
9 139
9 68
9 73
9 84
9 86
9 90
9 94
9 100
9 102
9 146
9 111
9 116
9 118
9 148
10 134
10 11
10 13
10 146
10 20
10 21
10 22
10 25
10 26
10 27
10 28
10 154
10 35
10 164
10 165
10 39
10 40
10 41
10 42
10 43
10 44
10 45
10 49
10 51
10 56
10 57
10 58
10 59
10 62
10 65
10 66
10 67
10 68
10 69
10 71
10 73
10 74
10 77
10 90
10 91
10 93
10 100
10 108
10 111
10 113
10 118
10 119
10 170
11 13
11 21
11 22
11 154
11 157
11 35
11 49
11 50
11 58
11 63
11 65
11 66
11 67
11 68
11 90
11 91
11 102
11 105
12 28
12 14
12 39
13 14
13 15
13 16
13 17
13 18
13 20
13 22
13 23
13 28
13 29
13 30
13 33
13 35
13 44
13 59
13 60
13 77
13 111
13 117
14 36
14 107
14 15
14 16
14 18
14 20
14 22
14 60
15 32
15 18
15 20
15 94
15 150
15 28
15 30
16 36
17 32
17 33
17 164
17 44
17 18
17 20
17 30
18 32
18 39
18 60
18 109
18 20
18 62
18 22
18 59
18 28
18 29
18 30
18 63
20 107
20 154
20 22
20 25
20 26
20 47
20 28
20 29
20 30
21 119
21 118
21 47
22 32
22 33
22 28
22 30
23 45
23 118
23 28
24 84
24 27
24 28
24 111
25 147
25 151
25 154
25 27
25 26
25 42
25 172
25 59
25 74
25 75
25 76
25 79
25 85
25 86
25 103
25 105
25 118
25 119
26 139
26 140
26 27
26 28
26 30
26 31
26 166
26 44
26 174
26 177
26 138
26 77
26 83
26 84
26 87
26 97
26 103
26 105
26 110
26 111
26 112
26 115
26 119
26 120
27 103
27 167
27 77
27 79
27 112
27 113
27 50
27 115
27 84
27 111
27 28
27 74
27 30
27 31
28 29
28 30
28 32
28 38
28 42
28 43
28 45
28 50
28 51
28 52
28 54
28 60
28 74
28 106
28 110
28 116
29 32
29 33
29 44
29 86
29 30
30 31
30 32
30 33
30 162
30 167
30 44
30 51
30 60
30 66
30 76
30 79
30 83
30 89
30 105
30 107
30 146
30 154
31 77
31 111
31 84
32 66
32 108
32 157
32 111
33 41
33 42
33 44
33 45
33 87
33 153
33 59
35 36
35 102
35 39
35 40
35 56
35 42
35 94
36 149
36 163
36 39
36 40
36 41
36 42
36 44
36 45
36 46
36 47
36 48
36 51
36 57
36 62
36 65
36 66
36 67
36 68
36 69
36 70
36 71
36 73
36 74
36 81
36 83
36 111
36 112
36 118
36 126
38 113
38 39
39 171
39 40
39 41
39 42
39 43
39 44
39 45
39 48
39 50
39 51
39 53
39 56
39 59
39 63
39 65
39 66
39 67
39 68
39 69
39 70
39 76
39 79
39 81
39 164
39 168
39 170
40 140
40 41
40 42
40 43
40 44
40 45
40 48
40 50
40 51
40 54
40 56
40 58
40 59
40 60
40 63
40 67
40 68
40 69
40 71
40 72
40 73
40 90
40 100
40 115
41 132
41 42
41 43
41 44
41 45
41 48
41 50
41 51
41 52
41 56
41 58
41 59
41 61
41 62
41 65
41 66
41 67
41 70
41 73
41 100
42 154
42 43
42 44
42 45
42 51
42 57
42 58
42 59
42 60
42 61
42 63
42 65
42 66
42 67
42 70
42 72
42 73
42 89
42 108
43 65
43 66
43 44
43 146
43 47
43 60
43 83
43 118
43 105
43 57
43 62
43 63
44 149
44 45
44 47
44 49
44 51
44 53
44 54
44 56
44 57
44 58
44 59
44 61
44 62
44 65
44 66
44 69
44 73
44 75
44 81
44 84
44 86
44 88
44 100
44 127
45 145
45 146
45 46
45 47
45 50
45 51
45 52
45 53
45 54
45 56
45 57
45 58
45 59
45 60
45 62
45 63
45 65
45 66
45 69
45 73
45 81
45 108
45 168
45 121
46 56
46 57
46 47
47 149
47 151
47 51
47 52
47 53
47 54
47 56
47 57
47 60
47 61
47 62
47 65
47 66
47 88
47 108
48 65
48 66
48 73
48 58
48 59
49 65
49 69
49 119
49 51
49 84
49 73
49 154
49 59
49 126
50 66
50 77
50 73
50 58
51 141
51 146
51 157
51 52
51 53
51 56
51 57
51 58
51 59
51 60
51 62
51 63
51 66
51 67
51 69
51 73
51 74
51 75
51 85
51 89
52 86
52 105
52 56
52 57
53 102
53 146
53 56
53 57
53 62
54 102
54 106
54 141
54 146
54 56
54 57
55 57
55 59
55 69
55 65
56 154
56 57
56 58
56 59
56 60
56 62
56 63
56 65
56 68
56 73
56 88
56 93
56 96
56 100
56 108
57 146
57 176
57 58
57 59
57 60
57 62
57 63
57 65
57 66
57 70
57 71
57 73
57 85
57 88
57 96
57 108
57 115
58 154
58 164
58 59
58 60
58 62
58 63
58 65
58 66
58 68
58 70
58 73
58 77
58 90
58 170
59 150
59 154
59 157
59 60
59 61
59 62
59 63
59 65
59 66
59 67
59 69
59 73
59 74
59 76
59 81
59 88
59 90
59 91
59 146
59 170
60 148
60 154
60 157
60 61
60 62
60 63
60 65
60 66
60 69
60 70
60 71
60 73
60 82
60 84
60 86
60 113
60 120
61 69
61 77
61 146
61 147
61 73
61 154
61 62
61 63
62 173
62 147
62 158
62 63
62 65
62 66
62 69
62 71
62 72
62 73
62 74
62 76
62 77
62 79
62 85
62 108
62 146
63 154
63 175
63 64
63 65
63 68
63 73
63 74
63 81
63 87
63 93
63 170
65 66
65 67
65 73
65 84
65 90
66 157
66 69
66 73
66 85
67 83
67 69
67 102
67 113
67 73
68 69
69 147
69 71
69 73
69 74
69 76
69 77
69 78
69 84
69 89
69 94
69 108
70 92
70 73
70 74
71 73
71 146
71 147
71 74
72 147
72 84
73 147
73 74
73 76
73 81
73 83
73 90
73 110
74 134
74 154
74 157
74 75
74 76
74 77
74 79
74 85
74 115
74 118
74 119
74 120
75 105
75 77
76 86
76 105
76 93
76 159
77 100
77 168
77 93
77 112
77 173
77 83
77 85
78 162
79 137
79 83
79 84
79 151
83 118
83 103
83 140
83 84
83 85
83 86
83 105
84 85
85 147
85 100
85 118
85 102
85 173
85 94
85 86
85 92
85 93
85 165
86 129
86 148
86 149
86 154
86 158
86 171
86 173
86 178
86 172
86 87
86 88
86 89
86 90
86 93
86 98
86 100
86 102
86 105
86 114
87 100
87 134
87 102
87 107
87 141
87 154
87 91
87 93
88 102
89 102
89 134
89 91
89 93
90 162
90 150
90 102
90 151
90 148
90 92
90 154
91 99
91 100
91 148
91 120
91 92
91 93
91 94
92 97
92 98
92 99
92 100
92 166
92 105
92 172
92 178
92 163
92 120
92 93
92 94
92 117
93 100
93 98
93 99
93 102
93 129
93 168
93 147
93 94
94 100
94 111
94 121
94 95
95 102
97 102
98 100
98 102
99 102
100 134
100 102
100 154
101 102
102 151
102 159
102 105
102 118
103 105
103 170
104 105
104 106
104 108
105 140
105 161
105 106
105 108
105 119
105 120
105 121
106 139
106 132
106 138
106 107
106 108
106 149
106 120
106 121
106 123
107 129
107 130
107 134
107 108
107 111
107 112
108 129
108 133
108 140
108 148
108 151
108 157
108 161
108 174
108 111
108 115
108 119
108 120
108 121
109 121
109 111
110 172
110 111
110 113
111 130
111 154
111 112
111 113
111 116
111 119
111 120
111 121
111 123
112 168
112 113
112 121
113 179
114 172
115 149
116 118
117 139
117 172
117 173
117 118
118 121
118 141
118 173
118 120
118 119
119 129
119 136
119 126
120 129
120 134
120 161
120 171
120 125
120 172
120 148
120 149
120 126
121 129
121 134
121 126
122 136
122 141
122 134
123 129
123 136
123 137
123 139
124 126
125 131
125 132
125 133
125 134
125 139
126 129
126 132
126 133
126 134
126 137
129 130
129 139
129 164
129 136
129 137
129 140
129 154
130 137
130 139
131 134
132 134
133 141
133 134
134 136
134 137
134 139
134 141
134 146
134 164
134 174
134 178
135 139
136 164
136 165
136 137
136 138
136 139
136 172
136 141
136 148
137 139
137 140
137 141
137 168
137 147
138 141
139 164
139 165
139 140
139 141
139 168
139 154
140 164
140 141
140 151
140 158
141 142
141 148
143 172
144 170
144 171
144 172
144 150
145 161
145 158
146 147
146 157
146 170
147 148
148 171
148 149
148 153
149 150
149 151
149 152
149 153
149 154
149 158
149 159
149 161
149 165
149 167
149 169
149 170
150 166
150 169
150 171
150 157
150 151
150 154
150 158
150 159
151 157
151 172
151 169
151 152
151 154
151 159
152 159
152 164
152 158
153 171
153 165
153 161
153 168
153 170
153 167
153 172
153 154
153 158
153 159
154 162
154 164
154 165
154 167
154 171
154 172
154 173
154 168
155 167
155 158
155 159
156 161
156 159
157 161
157 168
157 167
157 158
157 159
158 160
158 171
158 165
158 161
158 168
158 172
158 167
158 173
158 174
158 159
159 161
159 165
159 167
159 168
159 169
159 170
159 172
160 165
160 167
160 161
160 171
160 172
160 168
161 165
161 166
161 167
161 168
161 172
162 163
162 164
163 164
165 166
165 167
165 172
165 178
165 170
166 167
167 170
167 172
168 171
168 170
168 172
168 173
168 169
169 170
169 171
169 172
170 171
170 172
171 172
172 173
172 178
173 179
