0 1
0 2
0 3
0 5
0 6
0 12
0 13
0 19
0 21
0 24
0 30
1 65
1 2
1 51
2 3
2 5
2 6
2 32
2 8
2 73
2 11
2 14
2 15
2 40
2 18
2 51
2 43
2 23
2 57
2 62
3 19
3 15
4 5
5 6
5 8
5 74
5 11
5 50
5 17
5 18
5 19
5 22
5 23
6 8
6 19
7 8
8 9
8 15
8 17
8 18
8 19
9 16
9 43
9 20
9 15
10 69
11 32
11 35
11 73
11 43
11 50
11 47
11 16
11 18
11 19
11 30
12 32
12 67
12 43
12 39
13 32
13 67
13 35
13 69
13 65
13 39
13 60
13 43
13 15
13 16
13 49
13 19
13 56
13 57
13 58
13 47
13 28
14 67
14 39
14 43
14 15
14 16
14 19
15 36
15 39
15 43
15 45
15 16
15 34
15 19
15 52
15 22
15 67
16 34
16 67
17 18
18 64
18 51
18 35
18 39
18 73
18 50
18 19
18 56
18 57
18 60
18 61
18 67
19 20
19 21
19 22
19 24
19 30
19 31
19 34
19 38
19 64
19 65
19 67
19 71
20 30
20 51
22 67
23 39
24 65
24 67
24 49
24 56
24 57
24 58
24 60
24 62
25 64
26 62
27 35
27 36
27 60
27 49
27 73
27 28
28 65
28 67
28 52
28 54
28 30
28 31
29 75
29 52
29 56
29 59
29 30
29 31
30 32
30 34
30 35
30 36
30 49
30 51
30 33
30 40
30 73
30 76
30 43
30 50
30 54
30 52
30 31
31 35
31 49
31 50
32 64
32 33
32 34
32 69
32 51
32 71
32 41
32 49
32 50
32 35
32 73
32 61
33 67
33 60
34 35
34 36
34 43
34 45
34 49
34 47
35 64
35 43
35 36
35 47
35 41
35 42
35 76
35 46
35 45
35 52
35 73
36 64
36 41
36 47
36 50
36 51
36 54
36 73
38 43
38 58
38 57
39 45
39 67
39 70
39 71
39 40
39 43
39 57
39 60
40 57
40 43
41 69
41 42
41 49
41 50
41 51
42 64
42 43
42 47
43 70
43 49
43 46
43 45
43 67
45 47
46 64
46 60
46 47
47 64
47 48
47 60
47 61
47 62
47 63
48 64
48 67
48 56
48 60
48 62
49 67
49 50
49 51
49 52
50 74
50 76
50 51
50 52
50 53
50 54
50 73
51 65
51 75
51 57
51 56
51 52
51 58
51 59
52 65
53 60
54 73
54 57
54 58
55 65
55 58
56 67
56 68
56 69
56 75
56 57
56 58
56 59
56 62
57 67
57 73
57 75
57 58
57 59
57 62
58 65
58 66
58 67
58 73
58 74
58 75
58 60
59 64
59 67
60 64
60 67
60 71
60 61
60 62
61 64
61 69
61 62
62 64
62 67
62 68
62 63
64 67
64 71
65 66
65 69
65 71
66 69
66 73
67 68
67 69
67 70
69 70
69 72
69 73
73 74
73 76
