0 217
0 250
0 235
0 338
1 323
1 3
2 3
2 317
2 6
3 6
3 7
3 317
3 95
4 14
4 255
6 7
7 25
7 175
8 9
8 10
8 11
8 12
8 271
9 249
9 11
10 168
10 11
10 180
11 147
11 96
12 101
12 44
12 13
12 14
12 342
13 120
13 289
13 14
14 99
14 201
14 15
14 210
14 300
14 87
14 303
14 30
15 97
15 134
15 108
15 144
15 17
16 17
16 108
17 134
17 204
17 138
17 108
17 109
17 47
17 18
17 20
17 117
17 316
18 296
18 235
18 20
18 316
19 96
19 260
19 197
19 78
19 20
19 279
19 249
19 314
20 96
20 97
20 67
20 228
20 291
20 276
20 309
20 23
20 24
20 190
21 128
21 231
21 110
21 22
21 23
21 24
21 122
21 123
22 203
22 303
22 23
22 24
22 25
23 193
23 34
23 43
23 269
23 80
23 82
23 24
23 25
23 94
24 32
24 96
24 36
24 329
24 225
24 201
24 336
24 51
24 25
24 122
24 30
25 203
25 310
25 166
25 232
25 201
25 202
25 107
25 285
25 340
25 26
25 220
25 29
25 31
26 304
26 293
26 316
26 240
26 340
26 87
26 28
26 253
27 148
28 30
28 113
28 339
28 62
28 94
28 31
29 30
29 201
30 97
30 227
30 107
30 207
30 88
30 285
30 235
30 94
30 31
31 32
31 35
31 197
31 38
31 42
31 271
31 227
31 52
32 33
32 34
32 35
32 71
32 204
32 304
32 243
32 62
33 34
34 35
34 38
34 41
34 209
34 245
34 188
35 72
35 43
35 209
35 220
36 96
36 322
36 195
36 196
36 109
38 96
39 96
39 151
40 96
40 323
40 197
40 285
41 224
41 97
41 143
41 83
41 117
41 87
41 207
41 188
42 224
42 43
42 82
42 309
42 279
42 89
42 220
42 317
43 64
43 83
43 67
43 107
43 44
43 205
43 272
43 89
43 220
44 96
44 160
44 226
44 193
44 77
44 45
44 54
44 87
44 47
45 92
45 83
45 47
46 80
46 96
46 82
46 283
47 48
47 340
48 49
48 55
49 51
49 55
50 80
50 288
51 65
51 307
51 335
51 208
51 274
51 275
51 340
51 54
51 87
51 316
52 296
52 55
52 231
53 272
53 60
53 54
53 55
54 57
54 349
55 274
55 345
55 57
55 346
55 91
57 348
57 346
57 91
57 60
57 62
57 191
58 80
58 88
58 96
58 89
59 234
59 237
59 238
59 271
59 60
59 266
60 224
60 225
60 226
60 204
60 93
60 62
61 88
61 106
61 220
62 64
62 97
62 78
62 89
62 63
63 64
63 82
64 65
64 175
64 82
64 308
64 88
64 340
64 347
64 93
65 82
65 87
66 227
66 254
67 92
67 213
67 227
68 117
69 80
69 123
69 71
70 226
71 208
71 82
71 204
72 87
73 272
73 268
73 293
73 271
75 213
76 257
76 77
76 242
76 215
76 216
76 313
77 213
77 87
77 249
77 94
78 227
78 166
78 339
78 107
78 210
78 80
78 82
78 214
78 235
78 255
79 201
79 203
79 80
79 178
79 183
79 285
80 102
80 232
80 203
80 109
80 240
80 205
81 89
81 82
82 107
82 87
82 224
82 88
82 119
83 96
83 227
83 196
83 264
83 208
83 85
83 214
83 87
83 92
84 227
84 301
85 258
85 207
85 87
86 235
86 292
87 258
87 265
87 275
87 281
87 155
87 227
87 303
87 304
87 320
87 196
87 205
87 208
87 88
87 93
87 95
87 96
87 97
87 99
87 101
87 235
87 115
87 213
88 320
88 264
88 269
88 144
88 276
88 281
88 159
88 164
88 303
88 177
88 323
88 207
88 210
88 340
88 213
88 89
88 222
88 96
88 250
88 123
89 201
89 302
89 272
89 350
89 181
90 96
90 288
90 205
90 111
91 107
91 92
92 352
92 270
92 341
92 120
92 345
92 348
93 224
93 226
93 235
94 193
94 294
94 353
94 201
94 203
94 220
94 285
95 96
95 193
95 210
96 344
96 302
96 162
96 309
96 190
96 191
96 193
96 194
96 195
96 196
96 208
96 340
96 217
96 233
96 97
96 228
96 105
96 239
96 119
96 255
97 322
97 235
97 344
98 128
98 130
98 177
98 137
98 107
98 108
98 109
98 141
98 113
98 178
98 281
98 121
98 124
98 125
99 317
99 318
99 197
100 281
100 301
101 193
101 108
101 173
101 175
101 176
101 210
102 106
102 109
102 117
103 106
103 109
103 173
104 113
104 178
104 164
104 173
105 128
105 106
105 158
106 160
106 162
106 139
106 107
106 108
106 109
106 157
106 112
106 242
106 179
106 235
106 137
106 156
107 131
107 132
107 136
107 138
107 259
107 152
107 155
107 160
107 175
107 177
107 199
107 108
107 109
107 111
107 112
107 119
107 234
107 122
107 125
108 128
108 130
108 131
108 133
108 139
108 141
108 143
108 145
108 151
108 155
108 289
108 164
108 173
108 175
108 177
108 322
108 228
108 109
108 111
108 115
108 116
108 121
108 123
109 136
109 143
109 156
109 162
109 300
109 315
109 340
109 220
109 235
109 110
109 111
109 112
109 117
109 124
110 128
110 111
110 176
110 173
110 117
110 122
110 123
111 162
111 112
111 113
111 115
111 117
111 120
111 121
111 123
111 124
111 317
111 126
111 149
112 177
112 141
112 113
112 125
113 161
113 134
113 124
113 270
113 152
113 114
113 116
113 117
113 119
113 120
113 137
113 122
114 120
114 117
114 126
115 133
115 134
115 176
115 121
116 138
116 175
116 117
116 120
116 121
116 159
117 128
117 133
117 134
117 137
117 278
117 159
117 165
117 119
117 120
117 123
117 124
117 125
117 127
118 119
119 129
119 164
119 278
119 179
119 120
119 121
119 123
119 124
119 125
119 127
120 343
120 132
120 138
120 235
120 140
120 278
120 121
120 122
120 123
120 126
120 159
121 132
121 165
121 199
121 140
121 343
121 141
121 271
121 177
121 122
121 123
121 158
121 312
122 128
122 151
122 155
122 296
122 141
122 143
122 195
122 250
122 123
122 124
122 125
122 149
123 128
123 129
123 132
123 175
123 124
123 125
123 126
124 128
124 133
124 168
124 137
124 178
124 179
124 173
124 312
124 125
124 126
124 127
125 128
125 292
125 137
125 138
125 143
125 343
125 127
126 164
126 138
126 140
126 150
126 343
127 128
127 197
128 143
128 178
128 151
129 151
130 164
130 143
130 177
130 155
130 158
131 155
131 143
132 155
132 133
132 134
132 177
132 136
132 174
132 143
132 152
132 148
132 199
133 134
133 263
133 265
133 173
133 144
133 178
134 160
134 155
134 166
134 145
134 137
134 139
134 270
134 210
134 152
134 143
134 159
136 293
136 151
137 143
137 144
137 148
138 160
138 139
138 177
138 143
138 144
138 178
138 147
138 148
139 143
139 144
139 177
139 281
140 150
140 143
141 144
141 143
141 177
141 151
142 168
142 288
142 188
142 150
142 151
143 144
143 151
143 155
143 158
143 160
143 292
143 175
143 177
143 217
143 254
144 164
144 205
144 150
144 159
145 177
147 180
147 150
147 148
147 188
148 162
148 168
148 177
148 150
148 169
148 196
148 170
148 158
148 159
149 162
149 158
150 160
150 193
150 354
150 155
150 188
151 170
151 160
151 177
151 276
151 155
152 184
153 159
154 168
155 188
155 162
155 272
155 273
155 271
156 160
156 176
157 164
157 177
157 180
157 158
157 159
158 160
158 180
158 164
158 165
158 166
158 177
158 183
158 184
158 159
159 160
159 161
159 162
159 163
159 168
159 169
159 170
159 173
159 176
159 180
159 184
159 313
159 288
160 161
160 162
160 164
160 168
160 173
160 176
160 177
160 184
160 313
160 188
160 193
160 196
160 342
160 218
161 301
162 163
162 168
162 169
162 176
162 177
162 182
162 313
162 188
163 302
164 176
164 165
164 166
164 173
164 168
164 306
164 180
164 296
165 340
165 242
165 180
166 168
166 180
168 171
168 178
169 235
170 188
171 188
173 178
173 180
174 177
174 178
175 176
175 177
176 177
177 180
177 193
177 213
178 316
178 179
178 182
180 262
180 296
181 231
181 257
181 183
182 231
182 183
183 235
183 203
183 184
184 232
184 190
184 214
184 188
185 227
185 197
185 232
185 271
185 242
185 339
185 281
186 197
187 213
188 281
191 279
193 195
193 196
193 353
193 269
193 306
193 217
193 293
194 196
195 355
195 353
195 196
196 355
196 353
196 213
197 260
197 262
197 267
197 275
197 276
197 283
197 318
197 320
197 198
197 199
197 200
197 201
197 203
197 208
197 225
197 226
199 227
199 201
201 224
201 226
201 232
201 242
201 202
201 203
201 268
201 205
201 210
201 285
201 220
202 224
202 226
202 203
202 220
203 226
203 205
203 271
203 276
203 222
203 250
203 207
203 220
203 285
204 258
204 302
204 210
204 313
205 226
205 208
205 242
205 210
205 235
205 220
205 285
206 285
206 207
207 289
207 232
207 208
207 220
207 285
208 220
210 224
210 213
210 226
210 340
210 313
210 325
211 213
212 242
212 213
213 224
213 235
213 227
213 232
213 234
213 240
213 214
213 220
213 287
214 227
214 233
214 255
215 242
216 257
216 242
217 290
217 292
217 234
217 257
217 241
217 242
217 249
217 266
218 224
219 220
220 265
220 273
220 323
220 222
220 227
220 228
220 250
221 227
222 265
222 301
222 245
224 225
224 226
224 232
224 258
225 226
226 267
227 228
227 281
227 303
227 240
227 255
230 231
231 288
231 232
232 294
232 249
232 239
232 305
232 300
232 233
233 256
233 283
233 234
233 235
233 320
233 242
233 249
233 250
233 251
233 252
233 317
234 235
234 281
234 250
235 256
235 258
235 260
235 261
235 268
235 269
235 271
235 272
235 275
235 276
235 279
235 282
235 283
235 284
235 310
235 317
235 321
235 339
235 242
235 249
235 250
235 251
236 288
236 242
236 255
237 242
238 288
238 257
238 240
238 310
238 255
240 241
240 242
240 339
240 244
240 279
240 340
240 251
241 242
241 339
241 340
242 257
242 260
242 261
242 276
242 281
242 285
242 288
242 312
242 317
242 318
242 325
242 293
242 244
242 250
242 251
243 257
243 258
244 260
244 293
244 309
244 314
244 255
245 265
245 255
247 281
247 322
247 271
247 254
247 255
248 279
248 254
248 255
249 293
249 264
249 250
249 251
249 253
250 323
250 317
251 339
251 340
252 283
253 340
253 322
254 311
254 296
254 279
254 322
254 271
254 309
254 281
254 282
254 255
255 269
255 270
255 275
255 276
255 277
255 279
255 296
255 306
255 311
255 315
255 326
255 327
255 328
256 283
256 260
256 262
257 258
257 259
257 260
257 281
258 259
258 260
258 304
258 281
259 260
259 321
259 271
260 294
260 275
260 340
261 321
261 262
261 263
261 272
261 318
262 266
262 311
262 282
262 317
262 318
263 264
263 266
263 270
263 272
263 277
263 279
263 309
264 320
264 352
264 307
264 266
264 311
264 269
264 270
264 272
264 273
264 308
264 309
264 279
265 274
265 307
266 292
266 268
266 269
266 271
266 272
267 271
267 268
267 269
268 311
268 269
268 271
268 272
269 320
269 270
269 271
269 273
269 274
270 321
270 273
270 272
270 285
271 308
272 273
272 279
273 337
275 276
276 282
276 284
276 285
277 283
277 312
277 302
278 308
278 279
278 281
279 339
279 280
279 340
279 281
280 281
280 283
280 285
281 293
281 311
281 340
281 282
282 288
282 322
282 283
282 317
283 308
283 284
283 311
284 285
285 290
286 288
288 317
290 320
290 292
290 293
290 318
291 339
292 320
292 293
292 300
292 306
292 317
292 311
292 298
293 294
293 295
293 331
293 300
293 306
293 296
293 312
293 297
293 351
295 296
296 297
296 299
296 300
296 301
296 312
296 311
296 306
297 305
297 298
297 300
298 316
300 321
300 301
300 302
300 313
300 314
300 303
300 317
301 302
301 304
301 309
301 312
301 313
302 303
302 304
302 312
303 310
303 304
303 312
303 323
303 318
304 312
306 309
306 314
307 325
307 308
307 312
307 316
308 309
308 313
309 320
309 310
309 311
309 312
310 311
311 314
312 313
313 319
314 315
314 316
315 316
316 322
317 318
318 320
318 323
319 320
320 340
321 322
321 327
322 323
325 327
325 328
325 330
325 338
325 334
325 335
326 338
327 330
327 335
327 338
327 340
328 330
328 335
328 338
328 340
330 333
330 334
330 335
334 338
334 335
335 336
335 337
339 340
